1 0.000000
2 121.000000
3 237.000000
4 365.000000
5 489.000000
6 629.000000
7 753.000000
8 885.000000
9 1021.000000
10 1157.000000
11 1263.000000
12 1417.000000
13 1545.000000
14 1693.000000
15 1817.000000
16 1945.000000
17 2069.000000
18 2233.000000
19 2389.000000
20 2529.000000
21 6845.000000
22 6993.000000
23 7141.000000
24 7281.000000
25 7437.000000
26 7589.000000
27 7725.000000
28 7861.000000
29 7997.000000
30 8173.000000
31 8353.000000
32 8493.000000
33 8625.000000
34 8767.000000
35 8877.000000
36 9009.000000
37 9141.000000
38 9269.000000
39 9401.000000
40 9529.000000
41 13937.000000
42 14077.000000
43 14217.000000
44 14353.000000
45 14513.000000
46 14701.000000
47 14841.000000
48 15029.000000
49 15173.000000
50 15317.000000
51 15489.000000
52 15633.000000
53 15773.000000
54 15897.000000
55 16025.000000
56 16149.000000
57 16277.000000
58 16401.000000
59 16529.000000
60 16665.000000
61 21165.000000
62 21305.000000
63 21445.000000
64 21593.000000
65 21733.000000
66 21877.000000
67 22045.000000
68 22173.000000
69 22361.000000
70 22513.000000
71 22693.000000
72 22825.000000
73 22961.000000
74 23081.000000
75 23205.000000
76 23337.000000
77 23461.000000
78 23589.000000
79 23717.000000
80 23845.000000
81 28433.000000
82 28577.000000
83 28725.000000
84 28869.000000
85 29021.000000
86 29157.000000
87 29293.000000
88 29425.000000
89 29557.000000
90 29685.000000
91 29849.000000
92 29981.000000
93 30121.000000
94 30249.000000
95 30405.000000
96 30533.000000
97 30665.000000
98 30805.000000
99 30961.000000
100 31093.000000
101 35489.000000
102 35629.000000
103 35789.000000
104 35929.000000
105 36069.000000
106 36225.000000
107 36377.000000
108 36517.000000
109 36661.000000
110 36845.000000
111 37005.000000
112 37145.000000
113 37289.000000
114 37421.000000
115 37545.000000
116 37677.000000
117 37805.000000
118 37933.000000
119 38061.000000
120 38189.000000
121 43221.000000
122 43381.000000
123 43553.000000
124 43725.000000
125 43921.000000
126 44117.000000
127 44313.000000
128 44485.000000
129 44645.000000
130 44825.000000
131 45005.000000
132 45149.000000
133 45321.000000
134 45489.000000
135 45657.000000
136 45825.000000
137 46005.000000
138 46173.000000
139 46341.000000
140 46521.000000
141 51909.000000
142 52081.000000
143 52273.000000
144 52477.000000
145 52617.000000
146 52761.000000
147 52945.000000
148 53093.000000
149 53285.000000
150 53429.000000
151 53561.000000
152 53705.000000
153 53837.000000
154 53969.000000
155 54125.000000
156 54261.000000
157 54389.000000
158 54557.000000
159 54693.000000
160 54845.000000
161 59541.000000
162 59685.000000
163 59829.000000
164 59969.000000
165 60113.000000
166 60257.000000
167 60405.000000
168 60549.000000
169 60685.000000
170 60825.000000
171 60957.000000
172 61097.000000
173 61253.000000
174 61381.000000
175 61513.000000
176 61649.000000
177 61773.000000
178 61901.000000
179 62025.000000
180 62157.000000
181 66669.000000
182 66809.000000
183 66949.000000
184 67081.000000
185 67217.000000
186 67353.000000
187 67485.000000
188 67617.000000
189 67753.000000
190 67889.000000
191 68025.000000
192 68157.000000
193 68285.000000
194 68413.000000
195 68541.000000
196 68669.000000
197 68797.000000
198 68921.000000
199 69045.000000
200 69169.000000
